0	567	823	84	182	207	696	152	298	866	274	600	924	931	853	961	340	6	657	660	34	437	831	274	647	552	57	743	695	183	389	19	517	423	7	387	447	796	914	794	774	943	757	32	873	122	635	884	171	241	540	146	226	560	880	10	64	23	484	383	695	223	665	609	111	604	25	311	450	449	25	5	312	700	166	889	759	955	844	80	200	677	516	584	882	547	548	238	195	900	470	934	20	10	475	716	170	262	784	489	585	291	4	58	241	288	21	136	113	620	606	678	890	967	775	2	616	956	92	684	411	766	326	350	636	389	705	188
655	0	545	801	13	564	216	816	551	786	145	216	520	0	998	570	222	790	736	700	806	739	382	641	238	159	766	76	823	831	324	656	803	889	506	740	544	757	389	473	306	641	230	706	951	750	869	243	817	344	224	87	494	614	639	744	56	211	441	600	760	710	671	475	541	942	996	964	846	555	161	305	24	399	266	458	288	705	14	679	31	338	654	487	240	403	61	518	972	429	863	213	111	972	150	448	625	36	707	201	693	59	886	823	408	34	211	155	982	261	256	286	317	534	832	122	392	841	717	552	283	764	920	871	177	385	886	798
264	323	0	354	557	146	571	951	12	264	821	110	72	694	727	63	123	303	55	855	95	450	898	208	987	991	763	271	747	587	65	110	567	261	856	542	339	919	876	549	786	504	714	571	23	450	206	260	246	215	492	42	876	594	294	545	785	166	44	424	995	688	316	631	276	307	675	522	940	12	35	611	379	552	931	863	27	16	12	0	831	599	292	533	298	844	343	812	692	684	795	1	413	239	796	744	905	858	54	907	178	714	109	928	730	99	958	676	637	32	814	523	306	938	425	911	286	464	462	381	504	903	158	146	995	574	640	340
266	745	926	0	32	29	125	14	608	541	365	424	351	906	660	699	719	846	295	910	440	536	11	23	130	735	71	992	83	775	13	873	715	19	486	721	116	477	596	380	163	184	366	908	994	351	75	803	687	655	455	812	273	854	356	645	812	877	896	946	612	9	833	322	969	267	871	942	436	376	984	740	812	899	703	385	698	922	964	354	977	976	967	818	39	938	743	19	711	764	906	660	695	292	156	1	465	781	968	297	6	154	176	130	265	4	218	63	465	695	9	9	613	358	842	885	896	498	477	467	612	966	821	716	466	798	857	111
319	674	882	489	0	999	550	16	619	110	461	944	191	861	996	544	123	53	831	498	0	230	242	90	690	459	504	347	825	331	51	340	666	699	15	85	810	675	201	594	927	588	495	29	592	357	255	614	793	851	649	964	57	845	685	610	666	527	194	235	909	249	647	190	670	294	601	24	120	415	85	899	242	137	917	349	767	62	155	437	511	847	955	583	340	568	995	376	293	568	829	530	751	592	750	561	531	854	848	124	116	17	299	664	55	85	649	636	141	695	527	325	122	513	132	161	800	496	979	867	419	285	51	59	669	485	761	101
829	951	458	520	768	0	888	952	310	412	820	778	7	388	58	250	731	95	806	593	594	441	265	907	493	120	328	295	400	356	717	20	9	498	255	598	162	599	794	182	128	66	880	358	809	60	657	436	268	593	56	136	508	518	954	757	238	726	782	446	44	846	56	86	251	116	318	28	832	488	405	661	859	486	122	537	427	604	937	593	497	912	665	786	460	446	458	99	495	325	984	111	505	41	142	441	951	785	598	954	276	105	651	971	74	609	841	873	860	945	878	123	281	634	881	537	52	55	898	120	222	232	69	836	784	218	23	753
2	172	239	966	908	683	0	569	108	95	888	388	825	378	408	292	284	401	926	564	5	168	398	430	605	987	158	955	356	666	948	484	438	913	240	509	296	947	212	140	352	368	118	766	265	536	348	923	530	719	301	480	658	910	872	688	498	499	575	10	138	17	822	586	894	953	54	453	455	209	567	822	532	399	289	382	569	960	409	442	637	303	372	628	174	964	973	703	218	40	57	925	445	962	823	688	810	557	279	155	334	178	62	188	155	92	605	759	355	543	485	392	216	972	4	79	504	177	827	6	349	684	321	831	401	672	956	356
333	547	821	0	323	103	17	0	483	218	888	516	458	246	444	647	439	556	859	77	772	829	604	922	152	280	777	708	817	505	22	46	215	362	330	451	43	991	84	475	35	133	844	422	736	660	671	841	830	184	838	675	809	15	487	93	948	240	879	187	557	625	84	922	498	507	965	881	234	962	692	546	809	772	562	234	399	59	119	629	216	730	956	814	992	164	927	609	462	705	470	60	196	929	701	350	319	58	234	351	163	309	582	731	309	927	120	328	453	118	492	955	841	826	319	506	566	517	36	983	886	3	228	98	792	571	378	46
360	30	598	388	296	952	373	313	0	246	250	984	54	196	728	513	251	22	720	493	731	41	446	252	6	689	204	711	86	969	875	959	247	893	272	807	547	74	309	906	349	855	953	179	388	994	118	660	190	559	698	443	263	948	383	553	644	339	90	406	139	990	73	783	202	878	196	231	298	900	504	866	87	937	442	75	150	779	748	726	994	152	405	571	459	246	824	250	996	31	905	153	213	982	712	623	96	966	697	463	25	16	969	284	366	718	712	607	921	502	963	57	399	258	868	11	685	342	917	758	543	469	78	543	411	14	613	260
601	110	40	808	19	975	944	537	263	0	117	617	37	64	12	472	483	608	337	585	574	532	940	244	668	148	617	134	497	402	99	309	424	624	585	346	532	699	571	19	80	587	467	895	875	939	677	13	869	339	729	446	500	597	460	668	59	737	666	215	520	22	77	879	945	243	238	59	730	545	19	538	233	374	1	383	3	305	354	684	195	685	754	119	493	572	295	539	442	560	797	419	139	845	14	847	918	61	721	520	866	549	109	95	444	496	13	849	841	634	715	242	395	623	309	98	176	81	678	84	590	843	454	88	708	666	256	230
907	791	339	9	843	994	637	690	771	903	0	634	813	143	653	0	971	374	651	486	38	732	527	801	206	80	312	109	106	117	841	90	591	476	675	206	751	192	158	181	730	527	1	543	129	898	203	232	177	332	969	841	962	959	263	839	802	464	724	221	184	163	297	811	367	130	923	14	594	604	694	401	625	35	55	710	696	944	461	952	848	916	400	189	572	253	515	88	562	565	469	668	612	849	276	618	902	828	588	824	669	601	247	192	44	311	129	543	150	212	126	887	769	104	195	595	388	107	532	224	461	567	197	871	511	772	416	977
773	225	273	836	833	521	835	875	396	771	356	0	394	830	517	689	176	875	308	370	811	889	853	906	943	392	139	898	59	737	848	965	598	159	341	102	597	67	489	308	964	954	21	519	650	332	934	5	547	794	301	335	745	441	824	574	344	392	857	252	278	960	264	818	919	351	860	520	475	491	856	950	735	466	56	457	416	648	199	41	10	790	864	781	117	800	243	68	501	14	752	946	840	60	934	169	846	234	676	286	872	632	650	798	327	730	979	807	655	112	626	53	851	139	324	236	310	802	613	42	435	232	814	666	738	203	274	907
107	699	48	713	810	547	741	234	884	210	95	875	0	294	412	747	886	790	362	370	53	266	294	420	125	422	557	65	867	508	950	414	223	721	772	931	140	332	377	553	795	625	114	183	123	831	96	641	263	372	747	708	646	642	760	177	773	281	112	122	875	767	182	867	600	667	947	892	25	415	279	852	34	356	694	822	805	221	477	975	638	997	32	950	121	176	569	862	514	388	964	544	538	448	387	986	473	570	188	518	167	562	795	521	764	485	351	25	831	651	85	315	288	799	920	672	984	673	325	500	84	869	901	307	893	123	14	471
72	840	648	540	62	944	911	584	407	50	90	798	636	0	896	987	719	352	218	275	405	772	893	155	530	527	769	759	629	594	387	52	922	831	972	341	246	351	682	887	344	801	857	554	178	344	136	594	283	876	529	412	411	41	352	345	582	816	963	880	650	271	403	812	49	282	472	146	808	439	360	78	802	36	470	490	528	326	367	213	45	482	194	581	759	141	527	502	733	380	162	327	550	12	714	575	392	498	598	741	483	951	520	321	395	564	558	34	63	513	922	687	450	886	716	547	19	711	89	830	302	977	877	569	351	163	53	660
108	188	299	675	168	746	106	521	693	259	242	625	84	720	0	561	783	455	828	25	878	158	688	814	207	158	240	767	375	792	594	251	678	258	555	923	816	6	789	341	758	592	401	873	865	175	747	455	116	154	17	365	702	65	160	705	600	707	366	640	47	228	712	674	545	754	571	994	889	908	942	979	445	948	742	112	430	480	109	597	890	637	274	455	35	277	124	129	464	626	553	145	577	734	769	874	882	182	510	584	856	659	236	497	255	376	785	696	235	481	518	528	716	642	512	358	110	170	153	895	329	475	240	363	93	253	131	5
872	559	412	361	643	34	303	295	154	585	229	108	418	750	974	0	528	757	893	40	273	294	815	5	696	214	464	215	472	717	762	383	609	622	972	218	406	41	472	750	368	888	391	927	709	461	289	825	491	1	522	87	424	411	688	444	45	255	412	610	865	531	498	780	795	187	784	341	327	762	504	232	517	698	737	745	247	876	918	11	112	588	70	521	191	387	316	581	966	113	157	433	413	538	794	386	631	33	721	841	521	4	709	885	452	350	352	222	512	211	463	238	955	877	818	608	423	44	334	298	1	661	840	366	629	853	472	729
821	754	843	298	391	477	22	394	215	500	676	195	878	478	995	550	0	161	96	210	967	651	77	74	439	145	503	232	551	867	251	166	41	46	257	919	101	634	473	905	862	96	251	832	995	57	459	527	844	438	572	413	337	327	477	353	25	473	604	997	698	479	473	881	642	15	470	828	442	12	594	828	603	989	447	207	173	533	979	107	360	213	650	358	124	827	305	21	786	25	600	514	1	274	585	371	170	258	800	502	121	865	173	435	713	145	111	126	407	583	108	64	838	285	23	883	421	716	672	512	105	718	142	997	947	279	935	994
84	567	303	960	964	634	557	559	670	821	546	435	802	76	336	1	699	0	670	384	157	583	296	502	23	753	731	590	526	123	205	826	745	482	63	984	664	932	244	909	361	710	177	516	53	320	175	891	392	665	760	698	323	645	372	207	388	121	582	306	359	927	636	259	282	60	607	486	15	840	453	967	7	457	239	88	376	726	888	258	833	422	561	564	745	762	55	317	545	115	687	790	552	80	278	820	262	89	7	807	741	856	509	931	594	382	8	98	493	968	184	432	58	318	104	754	779	977	843	864	719	19	9	394	75	280	947	946
424	250	550	887	934	121	107	108	89	263	914	478	338	985	466	538	378	98	0	182	276	8	993	457	162	768	781	440	620	626	986	621	84	762	14	423	850	472	786	3	95	992	550	300	130	81	6	225	188	626	98	355	483	434	375	354	252	860	187	433	117	477	766	294	189	429	449	657	36	435	526	142	356	571	809	295	589	311	787	776	227	543	402	681	778	239	980	149	631	292	748	283	255	45	854	44	420	415	947	275	938	990	736	913	310	164	672	76	320	324	857	23	527	663	451	878	278	385	194	211	483	776	913	833	1	893	478	813
938	19	119	666	718	219	11	200	530	504	98	259	469	111	315	41	608	776	851	0	870	306	462	734	460	826	214	878	612	807	799	789	319	196	789	113	444	259	901	323	482	252	879	633	596	415	110	538	280	24	729	211	920	825	446	108	908	823	851	218	830	928	18	496	722	338	724	917	385	349	947	561	389	390	415	140	381	745	980	690	748	851	634	174	428	491	272	41	493	281	438	675	29	158	396	422	662	19	944	512	837	386	164	287	2	751	607	23	529	614	948	555	100	733	163	919	651	796	94	276	738	550	277	485	181	363	550	864
483	345	113	862	433	686	742	893	195	754	910	663	692	816	581	664	851	434	898	124	0	25	108	937	627	253	435	283	79	384	411	885	299	678	493	5	285	268	455	519	323	686	285	937	149	261	645	263	841	500	201	99	199	854	821	376	297	636	413	953	614	200	543	43	953	791	752	255	740	739	474	541	760	725	195	195	41	430	767	753	99	290	158	670	156	801	35	549	488	631	445	569	587	383	890	884	561	278	38	639	489	374	781	11	984	323	582	468	291	503	15	683	950	474	308	804	120	20	89	432	988	296	141	65	615	864	934	896
588	793	33	60	851	827	695	783	382	677	510	437	660	738	983	262	698	357	121	542	678	0	613	301	184	211	547	559	675	992	8	471	142	399	7	377	567	364	100	740	325	697	770	969	585	927	693	179	874	781	21	307	910	155	140	643	428	906	154	560	914	98	462	688	820	590	233	349	882	507	768	860	495	5	68	313	885	120	318	702	708	494	9	762	601	348	394	89	539	582	529	714	997	474	291	709	187	952	298	654	20	964	6	458	823	361	570	514	609	747	102	153	4	633	213	20	74	321	460	321	671	601	4	333	435	629	291	2
815	294	240	361	837	227	402	872	616	602	97	694	270	744	325	20	908	831	421	201	708	260	0	352	927	315	390	16	984	725	498	518	857	1	235	716	625	322	40	203	637	649	347	495	964	89	575	694	976	793	935	707	500	581	401	599	902	53	597	8	611	859	304	94	785	299	276	828	186	979	952	515	224	212	35	800	395	700	972	77	340	345	619	400	497	375	757	337	988	591	942	571	555	757	953	234	719	155	820	561	103	232	218	739	658	416	630	645	198	113	674	337	832	707	517	227	964	199	885	702	695	693	424	362	826	482	298	706
743	292	964	271	580	374	56	567	832	928	977	42	789	11	213	174	742	564	665	788	143	670	658	0	102	913	70	637	635	653	918	954	491	641	934	958	416	120	552	117	971	198	855	709	638	218	773	979	243	178	367	797	517	945	258	350	313	516	704	621	22	644	547	142	588	1	5	675	351	72	68	526	54	387	141	903	951	127	298	484	790	926	151	11	337	888	678	58	988	110	786	691	96	251	812	249	206	229	197	12	9	582	522	770	98	457	421	879	392	626	523	902	671	2	254	898	647	309	951	728	45	715	870	637	224	51	590	401
776	82	66	423	858	330	540	421	9	385	915	9	687	111	956	722	303	618	388	67	769	708	209	431	0	145	42	624	726	260	135	428	243	638	205	936	812	58	631	257	36	124	232	632	561	872	121	7	410	453	458	125	169	330	955	156	243	869	489	140	925	213	105	822	329	117	70	455	12	491	5	365	165	568	385	659	837	702	262	716	14	48	971	490	667	751	622	724	421	890	9	739	174	805	625	485	168	948	395	78	142	110	893	907	925	893	480	375	76	633	179	48	769	298	303	738	487	74	726	934	28	19	390	954	837	478	112	534
244	950	197	773	799	707	163	644	574	118	528	803	152	912	444	599	484	28	643	760	421	208	13	679	20	0	765	22	128	932	434	694	967	502	303	206	260	762	346	661	853	295	790	954	484	994	290	386	867	917	235	273	656	934	216	736	854	721	638	867	82	867	935	820	74	131	963	632	831	706	650	958	312	624	68	15	631	666	38	519	256	446	646	569	934	709	19	75	877	687	982	173	14	265	727	561	387	985	450	246	643	511	954	63	131	152	911	927	839	291	10	410	619	802	412	9	467	907	351	220	11	637	767	993	293	867	716	763
343	831	90	207	626	506	837	635	112	982	290	866	715	556	844	529	835	352	469	711	490	704	414	191	511	82	0	684	292	300	299	465	442	58	63	195	556	305	582	79	623	789	351	435	631	771	471	502	956	134	426	214	199	545	565	599	615	605	197	518	65	163	371	527	88	610	238	441	584	497	975	654	244	28	523	147	824	877	972	355	835	231	400	684	154	444	322	861	608	979	482	827	549	114	514	408	252	355	252	11	462	241	253	427	679	18	714	376	160	453	748	665	247	624	284	432	310	227	480	193	735	826	774	654	122	859	917	610
307	529	679	391	992	919	371	385	811	346	661	214	792	410	342	455	323	747	276	86	103	90	982	896	988	266	907	0	157	645	928	526	42	505	722	641	21	130	797	482	202	160	783	157	234	393	111	563	584	637	930	19	155	185	88	3	65	794	204	236	519	500	130	91	118	841	497	58	580	51	969	603	379	880	250	164	759	91	296	858	168	139	71	742	390	397	9	950	471	22	946	622	363	720	686	54	577	496	894	652	160	794	622	730	243	219	291	426	123	416	888	160	71	719	217	466	180	86	957	684	610	918	107	863	833	607	54	399
564	986	301	22	686	101	327	404	869	413	993	337	883	827	166	248	466	162	158	15	225	970	277	986	760	661	798	194	0	216	855	514	429	786	377	348	628	462	718	718	35	980	578	243	891	80	194	317	183	804	74	746	537	179	992	218	520	878	388	794	72	728	465	769	651	65	44	467	732	385	264	831	352	105	622	733	640	3	167	565	408	614	203	848	726	610	397	303	528	2	312	195	776	649	221	186	474	276	558	901	595	323	828	167	48	427	690	935	512	655	724	925	938	778	200	392	0	559	931	690	590	831	495	382	48	99	807	679
763	880	488	802	570	577	215	347	439	625	139	453	812	444	87	309	294	347	728	966	287	360	571	379	186	991	997	788	33	0	151	146	769	134	862	795	840	426	266	641	503	299	85	18	216	535	62	729	154	297	883	330	320	62	2	269	97	787	14	715	20	82	413	676	818	783	495	53	958	399	225	687	78	951	292	885	240	18	274	437	985	749	10	614	827	277	69	984	856	554	610	215	226	604	787	628	782	5	20	217	161	353	752	830	863	262	186	292	541	777	268	556	892	362	956	9	850	35	263	49	9	540	8	265	993	580	4	239
480	384	259	157	562	542	250	883	439	952	863	10	158	521	276	87	576	670	61	88	426	574	375	944	152	616	697	310	426	436	0	281	261	42	379	969	81	472	20	979	2	87	794	20	960	102	126	584	750	314	877	163	700	331	272	202	915	679	601	525	165	247	553	948	368	507	82	409	382	392	16	625	242	314	494	175	302	361	16	534	692	658	880	17	298	862	444	846	788	708	731	946	745	245	856	665	431	296	4	870	225	865	291	663	61	914	21	828	647	915	165	200	77	481	382	240	541	15	276	832	325	28	220	3	173	836	17	879
94	447	905	616	987	608	718	605	450	287	941	87	852	292	526	558	850	461	18	433	837	284	3	968	75	11	277	695	55	369	19	0	44	722	728	971	176	994	937	732	549	179	247	323	365	732	411	567	307	97	212	994	201	799	64	718	234	896	994	794	28	259	742	414	597	932	501	741	422	34	829	476	432	939	294	864	270	597	363	874	92	18	959	587	937	354	831	14	89	578	292	8	714	82	27	637	986	865	496	392	217	349	445	309	612	634	604	367	828	866	52	428	304	520	149	579	83	17	539	503	540	547	709	327	728	833	313	131
468	473	468	228	654	416	676	228	680	619	782	35	734	262	114	945	948	676	229	871	530	901	472	849	434	304	585	473	911	541	588	426	0	945	831	190	239	586	813	166	21	816	362	718	17	364	96	612	34	865	768	567	127	328	173	106	457	934	528	991	862	819	514	51	477	743	16	647	666	228	636	854	388	461	944	337	798	239	348	400	406	311	381	178	908	820	417	267	489	892	877	982	941	834	559	396	458	258	851	979	437	260	117	347	529	689	190	150	454	796	720	934	746	598	452	687	82	976	849	884	30	837	982	699	302	923	36	833
939	972	102	604	675	618	348	804	149	727	13	237	390	432	192	504	701	966	333	20	359	725	971	335	429	313	477	182	962	758	662	975	23	0	720	777	310	745	824	405	134	916	949	805	237	410	994	214	481	993	941	992	650	114	542	493	710	705	8	922	423	163	747	22	15	548	417	522	400	296	383	730	19	755	772	474	158	589	739	456	472	291	100	842	528	268	542	758	760	106	112	796	123	744	876	882	223	923	895	912	521	163	766	424	809	184	722	621	433	355	678	894	30	142	477	72	125	206	840	935	361	588	60	55	136	335	937	5
686	414	652	294	706	205	115	422	522	185	358	994	17	197	384	7	789	232	78	695	583	594	638	54	707	559	33	947	134	195	270	880	834	445	0	897	630	510	138	344	594	8	154	748	70	10	572	371	28	799	268	120	482	654	441	528	837	564	587	710	953	447	837	606	582	181	821	324	970	739	248	314	768	816	579	721	169	533	189	549	961	307	205	438	169	119	892	663	358	541	456	559	18	342	268	620	666	693	508	211	527	831	498	954	750	74	734	714	196	292	51	107	360	964	747	250	61	536	155	607	511	146	4	815	495	662	939	649
384	740	979	565	462	728	2	972	599	462	640	996	878	462	26	942	723	565	670	371	955	124	732	678	970	421	143	240	377	370	475	728	323	143	865	0	196	82	776	689	981	402	379	767	130	285	46	439	380	601	292	718	944	271	155	582	136	16	9	452	944	501	439	619	110	10	910	580	820	18	210	688	563	13	966	53	54	452	783	291	944	189	220	711	240	660	902	235	191	545	826	0	109	658	629	996	178	390	730	269	719	838	95	152	182	610	944	548	416	485	173	675	623	276	797	992	408	37	404	809	755	301	907	681	469	127	696	507
412	549	423	685	59	421	506	733	236	77	527	714	724	685	605	881	409	994	655	960	258	239	22	220	589	256	337	330	15	396	6	730	372	507	361	468	0	45	787	585	614	426	57	447	859	470	641	158	421	0	661	824	294	162	918	249	321	879	199	296	774	896	520	133	263	939	314	108	858	122	115	904	898	716	843	706	76	251	476	779	571	560	203	195	517	17	71	714	404	920	297	546	875	53	931	800	527	116	270	162	685	755	354	565	458	612	409	56	947	96	844	884	755	826	705	765	572	949	836	761	3	229	954	304	515	390	380	0
969	139	914	563	912	633	646	226	481	332	238	18	956	877	204	592	856	37	578	187	855	559	945	518	787	563	412	456	257	133	628	839	81	727	335	651	811	0	815	291	376	781	218	472	380	189	409	207	910	961	2	256	695	850	482	507	707	229	683	962	868	788	809	657	245	105	181	3	142	9	671	209	524	229	88	248	618	851	862	21	326	398	33	580	497	751	678	985	714	276	170	643	330	130	660	394	731	795	77	222	869	636	842	652	663	500	920	908	943	617	691	648	450	760	870	14	310	466	504	808	70	0	845	190	857	956	953	258
837	909	912	92	204	557	318	984	410	238	552	107	988	844	965	194	66	371	138	864	233	962	307	893	761	849	280	563	806	711	125	847	978	498	881	477	270	777	0	235	379	995	804	214	577	878	967	922	479	72	578	520	379	373	536	262	791	897	684	661	968	307	323	271	615	508	800	205	961	777	856	194	832	485	958	778	15	30	433	318	62	634	467	434	6	79	892	18	232	438	103	761	331	809	570	832	678	318	396	266	531	594	390	446	791	446	436	48	152	457	945	971	514	685	197	812	518	495	989	600	211	319	836	307	875	151	391	295
599	787	338	484	722	562	445	786	248	837	548	340	723	827	908	384	413	745	173	896	151	602	672	167	396	297	909	367	124	482	802	878	380	522	207	633	882	887	143	0	861	93	973	889	949	250	818	373	0	460	779	788	954	286	802	524	852	864	114	463	678	972	551	685	862	417	638	529	855	888	832	67	754	26	53	145	75	48	668	105	695	137	792	732	671	438	936	393	657	964	406	569	264	719	89	83	680	205	898	185	940	979	589	271	143	517	851	941	979	699	505	220	204	594	813	630	536	938	232	682	793	993	481	953	920	908	650	884
952	191	1	850	761	848	825	291	359	445	520	951	736	270	845	357	525	326	363	150	54	480	679	714	666	334	583	83	928	381	985	856	921	3	848	811	576	211	144	741	0	52	739	124	36	963	966	706	845	141	759	574	807	625	685	785	518	800	651	416	987	963	299	807	2	323	129	44	327	536	740	103	448	762	767	435	495	420	774	347	551	276	812	360	187	275	0	836	645	148	569	100	478	251	426	220	624	291	572	222	51	456	883	704	596	539	931	349	551	528	612	286	661	462	228	37	3	537	884	543	400	92	890	158	172	33	323	504
997	834	6	656	578	88	264	763	550	287	537	408	797	468	373	276	179	148	800	153	216	241	606	222	382	477	698	317	89	949	348	629	52	427	3	305	536	669	253	388	222	0	146	904	904	331	617	233	664	992	177	961	144	657	781	592	992	302	145	49	371	40	535	742	19	936	209	672	280	306	788	93	886	456	344	985	729	759	729	202	16	94	51	44	22	137	350	251	591	490	84	93	460	7	732	182	604	103	416	611	754	710	836	376	471	397	935	339	541	508	984	952	973	862	445	591	23	554	358	268	273	876	877	237	653	407	239	668
837	452	673	169	131	78	691	72	756	143	87	612	802	22	518	380	272	494	819	397	376	169	136	710	245	302	911	453	798	356	704	747	824	278	128	695	714	125	978	350	862	627	0	432	344	985	581	441	19	915	904	807	599	417	739	182	808	349	195	956	100	656	492	748	150	495	208	263	365	127	477	341	402	733	43	2	332	678	310	19	401	249	665	606	525	682	670	883	512	925	147	723	245	133	773	995	863	533	742	188	3	424	673	479	419	144	224	17	197	215	55	707	212	940	153	203	201	386	668	192	527	467	274	168	360	554	416	891
474	262	256	915	608	274	637	603	12	313	985	814	608	970	47	144	168	668	242	74	933	473	739	224	526	307	977	316	337	625	285	160	714	999	705	530	350	144	318	12	237	993	420	0	171	808	281	691	892	698	671	233	413	103	75	766	467	677	313	287	150	800	968	67	866	850	23	735	763	678	955	867	493	579	54	713	548	587	872	798	329	296	347	376	917	333	482	621	512	391	585	457	620	768	735	246	556	525	397	964	944	171	915	106	976	808	751	926	172	22	693	509	400	824	635	279	700	355	410	547	208	970	459	12	887	318	214	500
420	533	498	218	425	752	885	652	938	869	302	687	416	469	701	533	404	62	424	265	630	697	850	143	484	174	76	252	518	599	363	20	56	458	571	70	182	546	518	419	892	307	334	238	0	864	504	762	278	476	138	472	240	807	426	790	861	804	569	99	122	768	384	840	997	739	763	305	117	67	15	709	289	425	527	909	166	634	775	594	982	174	878	910	148	767	222	1	31	0	771	548	384	178	257	206	856	306	355	886	587	934	486	516	502	131	934	563	116	923	736	971	136	263	404	4	662	182	241	682	973	761	107	96	930	715	299	753
172	370	551	2	314	658	317	327	725	584	449	615	696	100	583	534	574	135	583	584	190	543	931	539	604	661	615	988	850	562	610	926	214	104	30	58	153	437	17	102	412	236	107	385	375	0	441	698	750	774	944	107	773	334	275	170	345	890	153	293	637	988	747	396	71	627	57	36	208	780	594	877	379	756	177	275	573	371	264	536	376	427	817	976	594	142	338	840	89	97	410	53	600	36	312	592	152	166	18	395	666	816	417	232	562	472	663	664	8	8	689	152	49	824	80	700	71	499	929	297	616	583	539	147	816	256	141	398
96	886	802	816	394	734	986	449	524	814	46	41	211	846	405	50	936	9	188	832	162	895	876	226	297	275	743	13	744	158	303	395	445	939	724	884	751	216	150	583	555	181	623	736	788	242	0	545	755	799	539	739	789	64	218	853	667	421	234	70	454	203	120	898	143	161	473	387	195	176	877	780	137	163	20	604	358	671	635	120	57	578	270	785	811	784	355	681	501	922	303	516	276	959	296	544	507	538	203	804	29	645	673	721	119	738	195	445	236	6	83	81	169	358	239	706	255	472	944	14	199	489	832	20	277	995	36	498
419	65	227	0	549	146	954	875	423	933	652	858	437	318	281	999	369	333	953	20	751	316	119	486	543	400	392	941	469	292	348	982	700	946	603	112	6	590	213	563	353	213	274	646	622	624	703	0	74	199	228	717	776	552	68	496	436	396	18	224	7	541	752	558	764	169	737	698	946	117	61	737	199	755	416	311	924	344	811	457	3	507	64	749	341	312	63	765	585	597	208	806	287	55	276	336	500	416	282	332	906	60	765	939	5	92	804	114	424	170	321	626	251	117	705	175	244	217	356	249	763	529	465	42	396	422	489	517
210	327	510	67	92	331	589	206	531	689	472	725	156	647	659	983	820	730	919	2	412	816	217	881	737	329	951	749	770	585	840	701	130	287	295	758	651	213	710	338	976	11	946	922	486	363	8	204	0	546	790	54	447	211	748	754	444	254	289	544	437	927	740	419	702	120	466	230	134	656	838	64	289	63	91	97	145	15	578	740	295	157	394	51	920	727	701	631	835	265	454	597	940	84	726	778	236	649	84	363	666	112	903	563	845	577	897	727	496	5	303	455	1	760	855	135	778	196	803	652	417	247	553	334	205	255	567	713
774	785	714	114	847	68	394	795	711	580	761	840	387	422	166	113	381	526	27	566	40	711	681	52	257	576	9	837	654	424	970	244	500	97	910	192	588	81	100	23	107	536	111	933	134	407	426	744	1	0	968	360	302	14	669	607	439	378	464	617	661	820	866	270	308	554	110	990	498	612	288	762	408	959	595	720	367	534	2	906	457	956	52	31	773	680	879	986	682	737	315	72	580	204	898	159	508	391	499	882	460	910	157	295	81	898	250	3	900	8	950	224	64	385	368	80	32	260	855	528	930	580	56	193	627	384	506	487
325	452	28	574	286	583	714	528	784	611	827	862	330	756	324	203	777	284	260	947	221	245	986	128	693	902	832	128	825	362	458	567	215	670	986	148	261	827	244	218	744	745	990	310	768	207	419	230	375	762	0	456	786	827	928	880	114	33	939	685	792	587	129	264	357	570	846	344	597	22	857	755	280	686	854	932	528	80	426	305	56	981	657	446	556	221	32	821	382	410	668	98	662	903	336	637	83	34	8	578	808	506	804	647	468	18	993	639	719	127	521	217	383	655	795	903	221	747	383	21	689	23	231	691	120	931	490	941
18	233	17	621	15	178	885	740	260	810	462	822	515	772	307	841	287	857	2	425	301	253	351	58	355	422	456	522	819	996	44	422	186	17	236	368	753	315	998	500	805	74	289	97	66	997	295	165	900	901	443	0	695	23	244	582	523	806	171	786	289	0	794	233	394	303	217	358	204	346	481	307	711	674	44	302	722	698	894	207	81	899	947	231	630	30	817	510	233	423	613	699	502	824	949	169	261	670	40	420	901	118	54	453	559	88	815	480	522	859	128	810	410	694	791	235	539	769	283	854	617	448	411	333	420	485	420	163
519	716	545	736	669	840	413	923	390	259	244	889	87	653	322	505	938	153	393	860	669	470	310	378	404	259	447	560	793	772	671	379	895	703	20	980	611	564	566	299	519	28	700	559	595	892	538	698	746	736	106	295	0	388	798	346	388	625	255	498	695	847	571	710	403	903	71	184	527	215	349	824	148	4	585	582	574	299	875	869	917	753	909	707	492	622	119	478	358	875	200	457	438	521	741	421	487	504	719	670	534	240	462	357	577	288	842	807	914	18	983	1	363	484	664	323	417	857	195	362	941	150	436	947	481	189	785	379
377	497	710	626	554	335	214	474	883	699	831	532	356	952	614	837	392	406	351	455	66	840	899	596	264	310	666	545	565	127	957	581	8	983	250	15	821	913	492	186	407	186	184	146	254	739	480	453	511	853	145	250	872	0	93	290	221	404	277	875	850	733	699	996	854	458	911	32	432	497	741	734	654	451	447	391	66	20	321	688	810	758	261	204	98	991	952	55	599	183	778	750	449	767	439	283	878	621	841	124	942	177	933	110	621	636	281	59	38	803	698	552	772	399	315	452	236	176	16	811	160	494	415	45	263	994	808	791
722	778	796	98	627	334	707	998	889	564	876	743	427	419	22	608	63	222	565	516	627	422	993	89	729	734	668	58	376	658	654	514	384	807	672	343	426	262	875	977	562	621	89	533	629	360	343	563	393	29	820	956	125	427	0	740	786	253	72	668	725	260	113	917	296	377	629	327	200	434	925	840	16	880	380	777	663	889	280	498	0	663	353	628	111	329	64	799	778	167	869	954	13	557	386	627	713	685	722	337	10	564	396	893	455	845	13	10	951	17	980	533	75	636	157	5	378	454	400	210	878	732	452	144	761	883	575	745
794	745	781	988	491	89	241	441	611	666	709	266	5	571	946	507	283	13	869	990	664	4	178	831	339	844	498	691	780	216	986	781	163	904	142	752	478	81	267	254	713	890	765	265	986	687	177	140	302	188	187	509	386	882	915	0	726	192	18	529	971	468	60	227	4	778	588	952	185	897	82	565	14	220	432	395	480	83	111	154	136	411	665	677	289	96	72	773	192	118	259	828	947	821	645	565	823	1	8	582	905	440	459	392	420	963	294	993	218	674	527	530	690	618	589	502	736	628	993	370	843	2	105	761	517	489	962	965
200	496	620	922	894	860	94	462	749	192	175	860	626	31	208	36	162	552	740	897	942	177	308	185	888	959	576	574	701	58	344	516	290	258	39	638	714	29	630	320	626	836	127	938	349	746	340	6	508	485	496	933	33	831	45	813	0	292	836	32	772	71	291	776	911	500	175	97	882	363	687	673	0	264	755	877	318	35	962	465	653	555	364	61	676	989	97	464	329	820	768	904	581	746	709	969	261	826	429	2	491	225	248	960	922	913	332	535	413	533	723	706	420	204	652	685	573	836	567	960	957	481	236	116	206	661	454	755
552	775	8	428	152	694	265	733	432	787	635	932	236	380	582	744	365	89	712	591	262	602	681	540	95	697	400	609	276	251	297	87	196	8	409	604	12	582	418	767	268	96	717	744	909	359	835	623	728	126	308	9	202	911	53	47	784	0	532	128	3	638	667	592	256	188	636	505	172	158	540	211	864	308	139	993	630	731	769	576	889	482	391	38	688	148	187	572	625	437	81	321	654	721	779	94	631	340	79	894	735	641	895	17	454	676	63	136	805	668	599	491	309	791	90	756	474	311	339	542	391	839	325	426	803	596	998	824
442	277	183	822	262	993	15	216	249	162	721	862	18	109	8	114	576	176	837	946	287	385	859	792	498	702	109	640	156	351	812	178	540	562	274	202	145	434	42	137	321	890	341	975	917	855	801	641	605	102	407	840	166	30	269	65	512	601	0	455	902	97	138	447	108	486	900	342	562	695	773	31	609	699	515	922	837	72	148	317	21	122	505	766	608	701	991	670	296	738	828	720	223	115	864	893	128	524	804	421	78	574	564	945	100	540	709	473	122	708	885	729	879	10	862	757	775	109	426	831	554	151	691	939	533	173	503	68
22	928	364	188	124	827	193	192	876	535	275	831	95	479	536	650	56	298	254	395	590	350	347	464	435	884	956	9	274	61	171	162	605	96	693	875	210	607	725	165	452	3	474	502	39	822	100	575	317	919	184	856	754	900	998	644	13	928	564	0	15	893	290	368	951	396	946	424	960	494	374	275	800	696	821	661	417	127	323	99	447	848	784	191	403	198	172	502	583	325	838	2	971	736	374	480	936	822	480	143	342	369	198	872	643	817	41	290	381	900	338	583	214	758	346	624	322	117	325	841	375	2	546	846	17	419	582	362
386	246	50	77	557	821	162	564	754	709	116	658	158	542	269	655	211	847	138	859	934	614	527	11	289	645	752	409	448	926	577	307	655	176	133	333	434	605	338	469	855	640	868	15	292	909	63	476	376	635	749	284	86	976	929	344	514	136	285	18	0	824	796	483	765	657	143	560	21	111	150	272	472	424	131	929	716	246	561	127	689	420	819	633	22	989	755	311	165	796	512	383	7	461	177	799	251	747	208	433	359	33	629	33	946	42	268	464	593	827	649	541	108	0	884	503	633	34	692	146	750	507	516	237	502	66	610	768
186	774	979	706	839	11	115	601	56	565	971	385	892	518	522	224	880	930	87	762	784	276	704	362	581	845	152	480	464	690	604	429	578	779	166	293	393	490	37	950	751	9	427	110	587	591	517	49	829	218	852	441	1	82	288	244	590	162	373	356	153	0	650	685	596	533	75	544	84	479	358	730	225	356	688	734	972	636	801	534	373	493	594	667	219	380	762	233	385	556	997	203	729	426	819	419	990	215	787	287	592	45	192	143	419	111	670	16	123	152	956	337	709	265	428	896	868	494	8	527	946	182	347	255	569	175	868	855
574	706	18	669	431	945	857	820	909	486	114	415	974	254	653	970	714	481	918	441	825	967	150	348	503	434	309	634	679	605	761	229	591	346	142	453	815	1	241	13	776	64	301	585	992	635	488	987	205	962	496	351	41	670	7	272	569	657	693	290	60	625	0	542	430	61	61	154	887	597	170	81	430	13	343	96	69	859	81	290	415	579	793	263	623	904	966	339	830	654	190	411	950	61	596	432	765	543	838	570	293	942	703	968	56	548	197	536	962	694	984	555	6	317	887	713	753	773	1	812	457	721	180	425	918	563	819	496
852	945	623	699	951	237	860	893	504	443	168	723	902	54	703	567	660	530	531	176	236	349	84	519	845	818	850	105	68	809	1	79	961	192	311	504	531	117	111	495	94	734	288	677	582	198	49	534	349	8	851	619	318	181	631	331	62	578	296	325	691	324	135	0	824	569	913	417	629	867	510	18	318	863	521	10	103	607	914	415	260	588	738	724	538	203	751	403	777	18	292	674	339	282	248	813	886	261	762	807	236	945	465	165	613	646	679	374	664	614	19	815	759	402	206	974	336	647	312	327	15	863	669	575	711	842	868	611
190	254	945	432	286	459	657	810	519	33	242	985	769	276	152	164	412	486	113	539	998	992	702	829	806	691	103	963	601	753	240	857	627	340	141	817	277	830	441	407	696	829	556	998	969	847	492	632	495	471	631	798	693	910	338	496	315	201	503	632	418	284	493	723	0	778	42	674	400	878	525	318	877	373	516	865	665	69	27	345	657	790	485	458	690	238	716	24	218	102	693	178	519	993	976	184	538	120	502	708	286	826	870	362	243	732	691	2	619	448	624	524	864	23	292	532	158	563	489	284	901	301	118	647	365	224	523	773
462	731	39	360	952	487	130	751	409	958	599	133	695	379	365	846	837	228	198	450	102	939	614	73	246	0	835	439	247	808	904	135	656	752	529	67	432	763	21	37	580	288	179	212	517	505	21	176	173	311	895	89	857	926	652	803	838	924	279	666	920	197	624	650	588	0	259	591	505	516	548	154	275	617	326	289	941	307	501	159	836	521	497	610	574	558	534	20	889	448	485	313	387	781	961	79	362	9	965	112	826	481	478	382	96	991	32	482	308	998	776	88	861	483	17	369	992	107	766	764	737	42	938	231	108	190	959	287
232	942	273	439	525	303	353	91	118	113	396	362	646	293	464	279	110	791	633	484	939	891	587	206	762	555	643	946	248	181	970	847	515	447	783	887	335	35	867	110	777	765	699	857	465	437	68	863	118	766	475	856	529	660	483	296	224	409	593	128	577	775	842	875	525	722	0	135	591	944	265	99	450	684	155	668	319	483	145	505	726	212	727	753	185	959	978	4	364	84	482	299	31	981	5	704	766	898	449	297	972	825	402	145	897	252	549	899	162	727	350	788	861	893	251	8	555	585	540	587	569	498	483	850	992	88	53	838
395	507	250	732	563	359	246	3	578	911	859	484	725	567	183	968	709	305	902	443	206	810	439	966	620	778	271	36	975	47	981	127	360	52	167	745	613	771	520	851	179	973	521	214	373	797	699	246	674	580	585	283	200	672	668	761	567	677	773	778	89	364	13	957	394	402	233	0	555	821	17	275	890	281	261	173	884	910	212	77	52	300	818	262	343	360	465	823	180	518	124	950	167	60	981	393	789	247	774	376	782	12	914	27	736	19	998	872	873	450	380	737	280	714	495	44	36	630	717	732	553	468	765	90	544	738	771	530
71	640	333	400	887	582	526	284	768	211	953	473	293	494	522	930	689	505	977	434	343	73	693	504	432	610	591	520	493	143	927	961	801	881	538	374	478	671	115	32	448	675	103	408	714	628	891	165	455	997	17	677	106	798	690	759	536	507	750	377	546	853	380	5	61	433	116	936	0	141	704	335	74	256	652	891	39	862	395	703	536	54	651	469	961	235	101	533	688	643	740	313	128	731	228	759	347	443	977	225	353	24	108	122	885	886	862	710	893	759	636	8	532	461	176	798	937	162	332	631	922	95	782	730	528	939	719	222
439	655	840	485	643	647	455	4	435	957	269	457	728	266	847	51	570	164	398	635	669	228	867	808	13	359	753	291	581	336	559	156	610	971	380	554	555	129	383	65	34	33	478	434	633	256	904	971	851	954	284	776	965	140	630	854	827	163	823	565	96	314	820	236	146	317	926	933	61	0	867	227	653	375	108	213	332	796	19	388	0	975	670	961	853	840	420	851	391	166	645	623	230	185	86	415	339	625	864	760	502	866	980	284	736	735	479	727	960	139	339	29	460	12	829	753	868	452	573	811	998	356	412	721	345	785	181	980
439	815	896	90	686	206	521	96	665	154	577	374	97	180	607	469	689	359	897	543	907	832	63	867	634	36	165	713	213	761	310	14	56	436	302	58	149	90	212	362	396	307	749	536	701	583	602	440	163	94	730	30	344	383	992	679	748	182	331	64	953	231	619	925	661	319	928	171	311	533	0	580	832	552	536	539	300	581	986	317	529	3	842	824	157	987	578	859	495	292	672	984	617	425	58	901	5	123	723	754	139	69	735	884	0	515	7	668	700	409	958	192	476	26	789	235	961	939	128	617	650	672	202	56	32	1	661	264
499	937	34	392	563	112	456	779	171	544	914	618	248	738	730	603	935	769	820	259	761	722	626	544	21	178	610	169	157	375	812	30	193	748	661	930	82	522	587	721	899	296	244	631	761	556	431	712	538	674	158	308	748	34	383	494	434	445	444	687	369	915	208	278	846	851	428	220	872	998	3	0	44	907	584	808	924	488	254	857	889	713	194	317	54	456	549	490	528	688	123	917	767	232	976	392	832	840	529	8	248	463	149	510	895	82	925	16	626	75	785	898	422	343	588	1	681	640	752	442	241	885	715	1	969	316	45	848
830	754	853	196	714	257	498	464	331	614	8	244	384	767	706	253	34	27	447	756	990	736	943	322	909	637	278	391	435	49	103	466	908	113	774	420	522	801	278	483	718	868	916	26	747	693	923	117	835	903	49	256	49	165	449	880	334	922	964	106	368	182	151	997	7	78	97	664	37	562	827	474	0	438	823	901	863	732	896	360	438	898	0	818	966	408	4	993	39	85	170	239	310	561	394	561	182	585	133	746	265	918	81	68	141	280	221	281	881	814	423	71	327	211	17	944	149	115	456	692	2	885	88	426	477	920	143	781
664	6	849	579	328	399	916	939	275	973	425	272	203	566	136	888	798	443	795	338	614	233	536	297	8	949	930	640	459	16	954	757	364	559	555	659	610	651	133	223	44	769	475	618	764	200	24	371	354	642	914	877	489	115	784	345	729	380	559	478	422	46	525	740	819	999	209	35	562	339	6	578	180	0	954	760	338	237	792	819	79	232	818	847	456	111	205	288	250	48	6	455	727	928	37	130	333	552	254	0	792	888	888	901	906	20	100	667	764	655	628	304	429	23	97	31	102	757	244	744	398	447	696	904	187	951	862	985
868	813	810	357	555	907	500	58	400	272	917	848	569	20	20	610	733	806	975	770	795	627	245	848	808	890	633	772	642	76	788	347	894	680	864	116	756	312	355	20	52	45	251	133	9	436	544	969	790	401	429	558	857	332	159	876	442	163	183	924	68	617	526	446	993	584	553	486	695	407	181	916	840	524	0	775	967	787	987	306	354	470	420	225	784	286	399	61	511	177	894	839	510	21	996	925	807	622	732	745	808	811	784	829	529	565	209	622	181	298	172	870	279	897	381	941	847	101	674	790	732	18	397	449	317	798	493	846
555	227	442	532	4	432	954	658	578	645	444	890	524	18	531	444	856	656	941	3	706	463	515	991	682	488	392	105	651	250	254	881	320	256	733	594	627	680	202	905	941	948	414	96	650	784	211	276	222	955	351	979	977	211	786	187	318	748	19	888	862	135	843	896	428	132	278	106	721	172	23	823	503	512	321	0	238	969	643	875	338	103	731	501	642	195	568	954	857	887	291	570	646	613	976	348	20	473	278	332	124	371	741	469	491	90	749	890	390	813	192	570	998	929	819	276	238	144	33	39	87	935	724	782	763	733	115	721
953	600	239	952	516	959	256	658	34	798	154	316	844	844	904	171	791	899	219	626	49	505	59	223	235	945	323	619	807	309	492	149	913	807	92	709	677	500	962	256	558	297	165	639	11	840	145	814	11	201	271	998	584	298	279	514	861	809	655	518	934	922	53	241	19	711	157	793	442	279	172	181	340	973	300	89	0	724	874	290	204	581	690	702	848	4	921	783	276	135	850	112	283	597	219	739	266	151	530	178	618	885	194	822	459	654	85	445	824	193	1	377	642	437	358	698	22	162	204	61	38	314	192	647	53	451	400	852
738	72	620	0	585	614	14	145	241	625	278	653	339	388	411	33	684	739	144	224	116	456	499	969	126	508	541	677	574	196	446	578	833	524	598	765	470	465	995	327	217	166	758	327	588	467	230	385	997	638	117	576	653	1	605	652	10	924	181	41	637	803	21	14	897	956	144	932	769	603	801	718	990	650	82	168	948	0	299	547	969	355	659	779	133	127	727	410	126	249	411	691	432	38	314	353	432	784	321	149	662	967	510	337	589	672	206	972	493	803	715	516	964	308	940	747	414	563	532	352	129	419	822	341	895	941	720	618
345	250	850	470	788	869	916	543	730	742	120	40	76	838	867	3	802	240	504	865	765	200	24	519	696	175	662	720	484	315	30	886	8	847	483	13	703	312	972	966	593	19	995	709	981	712	650	945	619	76	924	659	172	964	861	671	897	571	27	222	807	22	837	890	4	232	185	988	449	715	158	802	733	159	496	9	387	364	0	489	357	455	25	342	956	547	306	442	891	90	517	587	245	35	302	532	783	884	433	133	629	817	599	742	789	890	22	388	86	578	38	537	119	241	656	449	184	248	756	38	800	873	96	323	388	450	273	585
543	784	859	638	825	300	559	334	50	63	653	772	409	825	347	983	80	883	78	197	639	58	729	187	168	376	845	827	361	631	510	142	828	21	747	303	328	846	527	509	685	771	60	741	848	97	139	888	778	484	73	886	861	538	340	94	11	680	800	257	587	875	687	96	312	17	594	491	5	866	811	990	517	631	830	309	421	181	244	0	208	751	396	990	629	564	253	931	593	945	339	435	869	513	984	56	961	766	376	781	842	98	794	858	376	851	820	849	611	58	846	599	151	233	279	610	186	551	292	275	1	981	449	260	215	538	712	466
646	775	616	828	994	763	534	648	810	429	479	517	372	772	182	237	260	530	59	496	323	152	566	965	423	6	12	6	572	745	980	422	647	993	719	835	980	336	192	324	770	717	22	272	86	182	609	78	994	685	448	420	732	685	557	262	708	697	115	871	23	61	25	341	77	785	849	100	740	702	325	296	546	880	361	18	568	298	789	437	0	584	667	692	212	735	232	157	907	524	390	2	476	970	252	793	10	589	446	280	200	131	617	414	948	28	887	112	308	901	293	338	982	788	651	830	294	783	923	167	815	462	632	188	300	800	470	228
23	881	141	847	936	461	639	2	295	547	884	360	98	323	792	961	484	325	56	392	346	380	692	324	793	532	618	336	990	245	10	11	267	400	642	200	461	732	862	414	455	920	833	290	701	959	385	181	972	248	602	607	390	396	94	469	671	246	25	802	859	679	360	708	226	111	29	972	273	659	828	149	676	816	574	377	523	865	652	499	539	0	506	907	757	895	97	3	961	788	374	638	482	548	642	4	188	406	620	674	698	242	216	797	491	203	102	176	543	785	594	211	7	361	276	97	975	607	563	4	251	700	261	269	221	165	600	814
429	370	609	539	95	904	671	617	251	120	310	635	910	901	758	740	768	937	579	240	939	844	143	343	162	784	58	73	122	367	993	969	734	597	420	785	877	850	476	981	310	660	455	141	210	937	22	43	490	177	252	692	727	326	870	259	663	777	254	451	986	90	450	138	11	298	942	329	496	707	480	16	517	971	414	162	124	70	160	528	864	659	0	88	17	574	500	477	984	754	767	505	333	410	913	785	160	186	429	23	555	10	732	582	258	361	320	0	887	737	851	183	802	528	601	743	383	647	606	675	186	373	983	307	208	576	793	230
249	445	931	331	972	480	774	828	516	353	35	580	658	783	483	659	892	991	615	346	152	389	525	236	365	931	754	64	404	978	312	633	493	832	903	6	13	555	632	930	580	420	512	94	807	696	431	536	281	980	718	985	500	9	201	666	304	105	152	588	65	772	439	899	836	563	259	819	760	58	504	945	98	595	194	785	13	26	208	852	640	135	885	0	308	716	457	548	146	697	713	15	108	895	57	892	427	839	341	567	972	754	226	603	78	29	70	596	266	827	460	2	776	500	23	395	200	585	656	637	888	808	549	143	836	124	806	506
49	563	209	333	413	573	114	81	367	43	340	393	926	15	785	14	560	817	541	978	750	218	828	602	374	426	426	944	135	967	11	283	554	786	789	48	952	785	854	145	486	438	741	486	155	947	568	661	836	35	482	795	166	112	763	770	845	584	732	17	101	991	951	823	668	809	592	249	66	57	204	579	859	977	110	554	315	45	711	319	29	784	217	235	0	921	638	16	194	628	830	827	917	822	164	820	386	79	813	456	516	692	168	406	255	387	569	188	663	8	21	649	980	110	368	615	102	719	255	37	512	72	678	56	576	62	566	116
831	111	651	260	327	0	390	284	156	785	822	172	278	218	360	500	302	310	699	656	21	624	521	477	161	659	509	812	648	550	786	807	122	842	223	293	749	968	287	21	959	892	871	424	217	925	471	291	1	768	998	739	444	610	668	517	843	874	746	666	10	562	62	542	647	239	662	117	265	689	160	135	526	402	213	173	817	521	222	538	977	875	24	747	589	0	16	103	61	16	4	10	159	69	526	39	417	947	852	506	502	803	979	1	568	458	993	736	442	414	207	453	188	192	192	900	170	278	341	355	7	636	637	11	574	865	874	39
254	835	403	451	981	141	448	0	754	55	484	86	577	937	648	513	375	932	575	81	297	981	246	56	980	764	307	523	544	159	417	482	189	980	204	340	817	402	363	349	304	894	863	793	486	363	717	814	425	395	524	764	616	232	602	919	316	672	281	58	285	48	368	764	0	884	692	98	153	634	479	77	394	300	592	340	234	243	128	652	82	45	624	258	196	999	0	258	183	599	25	449	851	615	461	101	48	801	694	699	799	214	260	15	529	277	942	374	425	425	549	882	624	8	713	851	984	13	968	512	840	458	576	630	727	171	981	785
560	586	722	755	390	466	653	455	339	223	590	511	41	83	686	946	78	814	98	135	102	796	84	603	857	984	501	66	64	196	728	6	283	967	677	444	47	589	648	636	78	417	426	692	704	570	870	80	910	254	671	401	145	917	818	958	284	104	656	805	655	759	232	910	346	169	991	380	11	34	715	772	414	358	337	766	690	919	617	270	745	15	872	31	844	372	718	0	500	212	87	573	608	445	190	392	638	235	207	808	421	127	374	536	267	104	553	942	366	120	302	21	588	15	1	905	568	112	434	571	521	676	782	556	503	127	556	553
408	407	647	549	248	85	656	509	267	763	276	297	510	883	215	455	10	564	518	900	423	994	808	61	399	267	905	562	260	810	292	834	683	303	534	789	332	213	442	807	498	415	641	15	482	728	594	207	650	714	235	424	54	425	923	14	882	0	19	761	644	917	939	433	626	733	734	792	845	448	922	874	938	237	990	947	765	527	847	621	799	640	346	871	498	928	683	529	0	18	91	817	298	717	952	112	136	212	993	910	544	358	314	257	757	899	924	485	939	614	839	934	150	387	315	108	929	196	59	682	400	316	717	26	576	428	766	23
596	720	368	461	771	819	974	397	159	673	535	133	64	670	586	223	89	445	124	883	100	413	14	115	3	432	807	411	674	760	609	355	255	308	516	631	902	908	637	428	933	233	471	183	53	741	241	799	606	347	603	258	779	982	22	50	959	367	413	593	700	315	820	280	391	672	73	940	470	740	956	366	429	18	687	611	9	984	734	668	852	443	92	509	795	323	833	432	498	0	139	355	835	165	429	426	961	799	938	380	750	729	703	539	597	238	535	17	634	58	432	64	891	600	249	415	996	0	625	598	401	152	233	225	128	967	862	350
895	521	849	536	626	116	545	830	319	462	288	265	634	712	640	912	340	529	512	836	585	933	592	967	6	279	824	656	995	773	242	374	526	422	177	15	411	917	180	712	812	972	607	137	827	642	64	295	18	855	103	2	977	749	617	509	17	939	192	400	209	360	70	962	652	573	924	756	297	126	310	149	588	864	893	657	889	806	441	732	129	243	793	499	570	611	861	970	529	183	0	83	825	865	940	354	111	241	286	455	188	339	810	273	455	926	718	789	609	564	846	14	384	919	485	485	648	423	887	581	173	172	140	306	864	426	648	594
988	21	186	916	503	710	659	296	235	690	775	185	238	296	702	998	605	565	708	433	838	464	819	818	441	431	553	879	743	241	513	831	107	160	15	214	249	681	717	501	818	843	411	482	9	822	614	408	574	543	841	709	984	510	737	613	245	265	98	21	983	747	471	542	6	159	278	636	726	583	917	648	377	52	713	804	983	338	117	861	991	615	807	53	432	112	462	783	11	144	504	0	570	572	301	710	315	988	18	758	669	705	963	471	505	563	30	600	216	293	199	528	188	832	587	847	540	77	955	783	354	819	705	417	669	139	271	601
615	10	468	942	796	342	909	646	40	192	587	589	3	983	58	755	74	942	970	558	225	720	279	73	415	474	549	784	190	730	3	652	999	1	789	493	387	240	882	819	958	241	744	296	227	486	986	218	383	14	85	311	475	529	59	581	383	731	34	352	199	827	215	208	287	644	4	812	316	804	401	430	316	908	686	449	940	547	245	13	45	431	188	319	843	861	515	846	91	11	544	325	0	821	149	168	419	123	274	820	901	227	518	584	663	123	38	54	332	848	347	538	17	333	415	572	818	13	297	201	306	659	891	650	33	237	926	396
352	557	130	808	489	211	126	1	967	453	395	620	446	279	182	300	706	658	228	392	30	442	778	962	166	881	148	121	474	469	673	967	382	827	607	136	20	158	827	98	603	182	463	485	894	345	4	780	564	475	840	17	767	943	8	910	290	508	845	976	376	444	731	909	362	406	897	810	878	111	936	515	933	225	858	974	164	226	5	772	678	324	743	804	214	404	508	604	535	2	365	861	709	0	795	83	20	265	264	932	441	23	578	868	786	453	316	219	864	145	613	41	738	84	50	738	333	356	640	879	226	394	464	468	743	157	854	432
769	838	745	225	683	729	187	229	214	918	651	349	111	264	265	306	672	191	398	360	29	778	102	673	13	921	413	155	493	180	788	416	619	575	619	97	970	412	927	273	926	721	857	13	667	903	845	816	552	50	989	3	343	396	398	336	305	507	257	773	685	636	83	567	32	737	428	831	384	95	485	566	470	225	17	466	770	665	937	17	296	302	216	637	814	982	934	17	996	166	394	928	354	377	0	260	335	177	73	464	592	93	832	109	55	93	942	168	866	417	569	15	857	152	410	85	593	492	834	122	120	183	313	786	590	818	55	439
422	578	494	41	96	151	253	723	746	993	550	90	562	707	629	484	792	109	857	657	156	513	16	662	43	853	873	463	491	280	175	213	871	237	685	467	834	952	338	142	546	217	397	9	706	128	750	668	393	857	606	105	132	745	484	400	278	275	426	659	228	74	223	632	329	427	223	764	764	884	19	22	847	684	779	249	485	0	585	659	975	256	797	911	747	970	55	201	327	59	536	441	294	731	823	0	133	875	342	472	348	459	86	217	395	892	450	103	336	818	769	858	105	515	994	934	312	246	935	601	30	784	353	325	766	492	503	679
491	581	146	669	198	4	70	413	479	553	189	703	250	746	245	816	204	483	241	21	553	345	360	389	154	382	873	713	173	337	50	482	226	1	335	869	175	908	818	787	461	930	274	84	482	911	175	442	578	13	10	674	273	86	97	330	169	762	913	834	138	978	528	599	901	11	322	907	957	3	548	9	462	511	743	128	823	346	871	832	92	744	225	471	725	444	265	904	459	695	368	236	403	964	309	579	0	168	80	12	423	748	584	366	525	546	953	165	761	277	476	213	327	393	18	352	62	475	650	301	880	145	237	194	877	279	177	724
683	191	812	606	182	805	424	309	512	971	870	816	417	658	987	835	661	475	503	223	166	954	275	731	571	177	782	45	219	307	145	179	536	301	668	83	314	226	596	203	822	839	908	877	789	964	905	810	511	95	643	625	171	496	604	700	336	814	276	805	26	677	928	689	397	945	584	337	104	544	313	518	121	344	666	149	349	171	995	482	515	297	289	930	122	545	894	414	136	464	300	563	6	143	423	804	282	0	978	404	354	502	488	687	343	803	352	143	497	327	672	456	338	6	752	631	11	575	359	980	268	66	530	806	180	324	4	909
715	174	342	261	324	356	305	643	705	367	66	572	633	329	751	559	535	169	705	992	364	607	806	474	948	519	962	577	64	155	623	677	3	53	307	483	802	698	79	394	16	348	779	296	296	626	830	839	810	32	983	723	897	335	544	148	934	326	243	733	843	637	523	992	435	846	994	13	392	708	60	258	692	74	740	416	368	636	155	110	46	398	695	571	152	220	945	547	34	685	596	148	778	365	742	190	275	814	0	813	368	194	365	560	980	124	818	414	105	488	587	83	558	845	507	715	339	903	74	451	403	78	887	422	37	971	544	190
264	803	344	148	283	889	190	292	323	965	563	362	153	984	595	205	967	907	351	698	967	478	849	165	139	962	373	668	202	156	503	758	379	678	557	766	592	915	487	646	885	95	589	293	964	865	263	387	994	303	836	522	76	279	719	941	332	566	724	591	190	288	253	364	80	28	663	51	564	427	240	9	575	879	893	862	926	981	878	689	6	716	937	914	502	48	758	521	928	670	39	319	53	870	152	358	904	935	154	0	864	548	905	179	313	12	837	22	659	840	568	357	482	692	803	69	548	1	991	828	946	925	664	486	461	639	320	208
206	419	373	545	701	819	735	2	584	645	647	116	503	131	19	172	800	70	69	305	234	347	472	152	913	17	279	25	60	6	903	847	495	300	384	563	164	504	192	12	549	921	803	906	81	624	920	310	724	860	977	133	192	617	694	989	903	150	957	582	376	908	630	722	468	77	667	238	910	827	717	405	834	675	602	211	120	102	859	952	551	170	176	497	768	196	321	897	729	227	734	791	503	644	436	853	566	662	612	110	0	279	743	416	647	106	446	460	44	66	135	451	842	963	673	695	715	566	269	569	612	273	591	793	179	970	602	3
494	946	148	53	446	833	19	835	423	105	349	685	452	366	1	663	189	833	474	978	579	597	113	36	804	428	162	155	764	228	342	380	189	425	528	85	959	923	666	594	907	185	822	231	753	176	262	796	233	480	20	167	26	225	44	442	598	823	781	402	723	454	946	715	722	578	545	794	549	359	5	102	950	200	37	387	201	467	47	20	440	411	495	282	13	876	864	452	421	846	718	524	926	930	204	563	890	459	809	68	239	0	4	774	840	645	639	610	525	145	159	516	926	220	393	315	887	861	16	516	21	555	983	460	141	466	174	491
577	613	109	279	339	742	16	712	924	233	960	663	107	299	242	316	484	355	516	302	5	689	90	316	110	71	665	340	344	548	950	723	8	917	247	219	681	491	937	898	977	20	64	118	106	539	313	680	837	117	15	876	190	656	365	86	234	57	934	885	853	589	806	689	474	149	951	139	797	125	698	59	716	198	271	491	315	268	25	769	275	12	949	475	266	884	183	237	207	846	748	642	711	975	795	28	388	932	89	5	829	448	0	210	863	294	775	790	227	160	766	732	929	209	823	841	366	939	468	118	413	805	303	900	826	21	824	545
738	2	323	412	91	355	341	384	604	864	562	846	467	837	905	351	653	431	25	432	62	741	107	516	535	354	144	170	62	377	634	462	813	922	10	317	511	912	682	610	218	430	254	3	68	897	664	480	706	849	927	613	119	659	745	613	908	672	337	322	797	302	525	491	550	271	106	201	75	61	671	761	527	441	929	352	886	134	20	1	558	635	98	58	981	236	943	922	689	933	475	314	789	712	716	493	866	538	564	7	411	924	69	0	320	634	979	315	47	7	635	953	5	263	162	917	147	801	548	531	535	510	199	704	813	501	935	731
178	995	690	65	625	860	570	628	118	978	724	981	632	478	985	917	58	345	224	876	357	300	593	25	420	586	284	715	937	661	11	157	165	387	861	382	591	368	403	792	274	7	198	442	226	179	158	598	79	746	32	311	305	623	702	787	271	572	151	400	995	673	17	319	59	576	589	478	344	976	82	20	764	404	896	586	856	243	968	230	401	199	711	218	815	491	423	665	732	604	709	542	631	903	502	699	870	925	332	920	120	701	178	405	0	787	48	136	604	546	839	794	87	132	236	965	521	10	671	718	396	51	108	25	583	703	231	940
954	586	575	248	893	364	508	973	587	864	988	999	585	52	710	640	58	890	529	15	732	599	180	267	273	97	116	52	0	785	166	777	743	339	944	17	29	495	520	388	560	326	688	455	240	873	797	121	718	351	574	222	829	806	305	396	25	542	987	877	117	802	983	649	186	432	874	9	450	442	189	641	12	195	501	567	64	576	656	978	232	344	779	759	967	781	490	88	929	649	941	860	925	319	399	959	532	492	194	396	71	616	500	8	535	0	457	824	95	538	115	338	887	981	233	868	459	7	890	126	566	937	373	484	903	702	668	71
706	923	153	318	538	607	810	902	429	509	901	488	923	610	17	207	551	6	24	522	659	331	389	377	4	850	817	399	810	828	533	623	144	997	114	524	972	795	7	866	732	980	493	258	147	838	971	709	245	91	322	650	7	265	4	362	925	282	755	991	170	532	246	970	305	128	858	773	527	352	783	777	97	430	3	537	362	472	435	302	357	523	753	593	864	836	877	436	741	332	59	194	631	248	728	313	690	603	219	139	624	666	60	65	747	444	0	346	744	35	598	560	391	20	895	994	521	295	328	494	812	868	932	949	457	732	520	353
536	904	17	131	931	387	584	449	92	956	140	954	846	685	977	905	173	507	869	443	500	135	297	233	792	734	226	392	452	668	708	771	651	588	995	806	901	592	739	880	368	498	450	6	174	5	677	178	997	307	470	793	446	892	277	15	116	579	687	190	881	98	707	475	298	758	98	379	680	511	816	813	39	168	678	607	913	206	755	472	647	296	148	565	583	417	404	527	703	887	17	923	433	577	423	495	261	443	97	781	103	38	554	513	886	703	689	0	829	303	609	586	13	720	495	212	499	1	917	623	845	382	717	719	642	621	280	439
788	486	814	854	738	73	353	839	866	524	645	611	549	110	48	788	699	286	80	293	296	177	609	3	541	619	41	653	625	551	897	978	51	354	631	932	922	40	25	446	18	811	620	136	563	736	790	915	79	233	918	78	540	511	472	312	418	146	722	91	65	82	727	544	157	635	268	461	664	538	689	678	427	279	347	230	19	646	791	529	355	753	163	820	964	8	9	920	228	746	885	437	918	703	83	219	665	848	298	533	72	865	798	268	696	361	929	960	0	792	429	909	999	344	876	235	800	4	663	630	496	224	509	27	266	958	770	94
653	892	652	526	949	318	188	695	365	65	110	297	707	526	280	29	271	40	449	999	870	353	954	743	14	693	565	94	10	237	550	350	376	245	346	597	767	716	768	939	427	457	856	890	880	310	489	172	898	720	693	1	1	976	326	413	865	268	24	614	708	894	225	337	16	539	696	578	147	333	284	6	993	630	184	914	986	891	678	338	936	881	53	423	978	653	674	299	376	769	118	574	316	104	348	469	981	34	48	455	410	334	742	758	530	787	914	811	456	0	652	746	328	495	312	589	541	838	550	983	35	578	155	588	104	150	495	593
853	723	222	194	827	813	685	865	103	449	167	70	677	791	5	586	355	264	863	608	602	729	649	539	857	886	304	233	321	194	480	294	571	207	723	163	847	924	54	402	270	835	918	737	284	585	149	151	336	845	370	743	575	1	955	883	2	562	227	860	951	798	989	475	322	729	638	450	291	43	817	725	401	253	979	106	504	710	62	248	283	767	953	674	59	516	795	537	585	541	729	771	279	320	898	497	308	444	949	165	575	57	811	224	11	587	441	204	71	782	0	384	404	659	431	6	805	17	574	299	682	333	973	616	854	224	294	694
533	996	966	378	908	897	712	78	607	344	10	27	822	112	523	230	224	298	420	282	113	640	152	913	635	680	181	20	243	769	604	728	678	978	60	633	142	841	251	202	586	153	882	960	938	991	864	369	191	425	775	366	627	485	790	49	577	565	552	840	91	794	520	400	703	506	21	870	161	631	107	15	479	223	646	70	506	949	381	218	564	322	567	217	81	254	112	185	895	707	81	225	782	124	179	365	278	112	932	778	379	797	267	499	912	891	401	985	501	80	275	0	42	468	698	153	508	381	168	556	815	18	554	710	907	188	895	29
506	214	953	150	463	16	847	934	496	74	897	908	153	500	905	332	954	775	858	557	844	80	52	446	890	793	101	542	209	288	874	344	214	366	904	424	872	789	562	658	836	235	622	537	99	298	583	709	116	53	225	482	148	399	7	94	780	305	625	1	993	67	678	30	983	717	519	520	284	241	931	411	56	999	703	481	15	323	660	421	188	693	861	329	750	51	199	369	582	955	80	981	699	924	473	134	962	456	671	423	249	133	873	613	45	702	909	497	790	685	859	333	0	751	628	577	560	278	790	251	797	797	249	1	504	909	148	982
308	135	508	578	846	909	30	262	10	55	550	90	169	712	574	918	374	804	258	880	217	618	397	135	896	557	163	890	577	552	747	447	9	734	995	552	168	903	788	764	679	914	845	673	920	94	269	164	102	961	621	460	860	366	87	805	46	653	542	950	454	998	153	830	861	307	936	555	511	401	976	221	796	487	737	260	972	660	547	308	900	511	634	980	607	630	7	41	537	868	64	228	382	559	165	144	763	250	717	983	688	0	41	995	507	220	398	28	841	774	9	538	2	0	846	761	604	559	327	771	883	829	903	885	276	588	387	558
109	229	902	925	977	444	827	79	964	725	796	373	323	782	125	670	892	740	593	32	209	452	89	556	936	623	504	250	731	468	736	196	423	750	917	630	340	106	648	393	562	813	889	985	656	346	700	975	68	883	808	183	806	591	545	427	498	235	739	64	390	161	520	144	792	107	240	215	343	573	83	108	478	658	767	531	687	618	580	908	65	237	292	997	790	512	812	487	209	8	11	944	481	888	861	693	140	411	178	821	464	396	134	783	607	924	855	0	984	251	686	338	741	67	0	7	294	390	388	350	686	110	191	685	17	70	19	3
7	930	294	582	437	697	27	865	713	910	908	887	216	177	279	952	611	740	747	817	216	937	251	940	59	293	121	486	422	33	573	982	408	275	982	139	222	339	398	264	173	666	634	162	21	986	689	67	345	783	477	548	179	412	69	9	63	998	29	832	815	437	196	221	626	500	664	154	483	343	345	784	414	464	445	738	622	17	13	741	529	582	601	876	722	594	954	618	15	736	689	586	372	312	29	916	581	102	216	157	62	25	722	671	486	352	88	462	443	822	652	0	540	79	9	0	685	732	164	243	602	690	959	816	963	702	24	936
776	0	939	984	524	646	575	254	768	111	250	214	432	417	304	614	856	577	678	12	146	669	196	639	885	248	461	486	946	66	458	932	965	385	4	449	618	944	973	402	743	261	649	105	492	524	9	790	424	708	265	828	925	759	973	232	785	237	563	17	603	167	568	734	746	820	789	858	237	878	8	964	248	846	238	926	916	400	984	314	165	729	401	410	164	498	34	374	3	629	668	679	833	61	392	232	236	529	714	296	522	725	52	108	823	206	188	877	819	79	667	983	962	198	10	678	0	153	198	71	95	884	23	24	927	437	779	745
978	905	758	757	942	202	28	700	214	84	324	347	382	169	259	730	656	949	949	529	543	235	884	894	163	933	888	313	616	938	447	465	165	604	580	274	160	183	411	842	676	973	724	772	37	515	747	90	171	949	958	221	887	376	420	149	132	228	320	628	741	314	13	958	108	591	0	812	437	19	577	748	555	694	999	569	985	556	857	11	150	124	491	554	65	703	937	977	522	537	605	238	516	779	754	994	193	674	147	894	427	917	812	41	908	306	810	926	497	512	583	972	522	597	16	271	539	0	761	976	973	102	321	805	64	251	919	980
78	625	255	864	32	737	523	945	664	218	653	299	157	804	764	236	712	668	1	155	931	426	691	427	91	56	523	312	671	442	821	238	919	948	981	100	773	501	273	302	335	137	338	188	461	204	556	663	370	5	785	782	29	108	923	840	40	462	259	131	771	668	24	803	859	127	55	340	18	911	58	878	106	751	610	779	585	333	14	787	286	26	141	854	759	191	197	145	919	867	584	631	450	794	928	332	170	44	62	851	226	772	314	500	798	310	858	978	142	959	328	940	644	742	180	653	686	725	0	589	16	596	473	682	422	992	758	872
654	314	394	959	170	475	20	466	39	265	578	283	338	396	438	584	768	605	682	766	440	831	692	595	455	279	776	401	398	672	597	26	723	538	507	742	916	20	553	601	309	491	658	70	93	96	593	712	5	974	558	878	12	331	51	75	199	725	876	870	390	935	661	174	178	473	254	795	554	567	921	231	350	954	520	815	75	288	925	38	281	62	537	37	908	940	880	447	393	549	403	774	438	469	125	617	288	106	906	381	597	449	370	942	5	7	192	142	264	627	765	425	661	809	310	158	779	926	613	0	795	146	862	466	2	399	688	906
639	971	390	984	64	894	817	575	119	208	602	992	843	476	409	557	485	351	283	162	390	311	126	424	11	343	698	223	510	514	206	105	543	771	194	136	609	985	820	789	981	591	168	4	344	983	356	456	685	670	930	67	521	897	689	581	59	861	476	748	396	484	695	122	330	549	104	393	993	567	97	340	917	721	328	413	584	376	483	476	976	22	693	888	258	606	219	16	477	109	724	393	35	890	867	517	606	428	395	48	13	369	420	141	444	417	93	29	849	4	875	533	121	420	191	7	796	340	266	234	0	244	218	757	757	192	42	288
694	743	973	643	740	903	673	56	69	825	892	668	541	465	89	978	454	397	126	684	477	360	985	575	492	457	406	398	3	528	859	540	886	418	682	202	943	988	68	921	4	675	602	319	683	860	271	991	981	868	474	670	641	681	337	563	491	374	226	115	103	78	895	2	797	769	768	246	96	233	103	56	500	254	317	950	16	24	578	123	396	596	670	215	862	26	642	510	101	909	404	697	854	155	787	953	448	823	918	114	449	697	855	68	633	964	178	709	85	693	307	895	760	781	116	939	417	949	658	682	523	0	288	829	673	392	996	436
550	348	202	69	790	972	798	761	15	76	560	138	995	186	216	173	760	922	290	800	118	688	817	800	417	81	919	696	154	128	605	223	142	328	351	984	733	417	406	827	331	511	296	406	325	55	308	480	728	618	14	624	371	125	433	395	499	389	757	896	651	849	587	510	806	943	714	937	422	719	459	924	70	2	920	53	847	374	909	64	764	394	66	69	4	89	664	934	237	84	637	381	15	771	870	277	653	278	97	341	956	377	198	172	413	411	688	321	195	931	801	81	888	108	574	339	559	129	375	490	209	748	0	218	300	584	531	608
667	714	409	937	525	523	92	995	310	30	857	676	496	736	9	534	2	216	415	231	211	228	577	309	332	537	138	259	198	252	412	993	307	17	15	60	166	659	388	292	16	622	708	232	218	6	39	960	975	367	431	831	331	678	973	192	716	579	885	944	994	736	941	168	449	147	993	670	53	403	127	561	272	52	651	573	183	700	491	132	85	913	774	344	29	16	375	686	12	331	837	397	454	491	549	521	166	121	882	949	924	416	586	2	517	594	855	975	460	740	82	877	659	391	706	946	187	825	849	126	189	41	470	0	62	988	214	245
949	863	510	661	905	994	157	11	84	394	339	99	382	518	845	287	306	16	584	525	7	356	807	125	460	114	702	624	528	923	146	805	57	444	507	501	124	866	385	703	473	633	96	359	999	110	114	849	946	431	645	826	901	870	35	491	147	366	14	982	741	759	17	473	39	176	702	879	792	680	798	526	124	906	238	55	913	221	263	376	126	210	616	41	495	31	443	581	503	779	730	759	388	21	858	725	961	206	775	870	332	272	50	8	845	788	852	528	505	844	960	932	453	554	60	928	605	222	483	778	926	87	281	347	0	830	449	291
226	44	416	364	926	636	870	90	154	257	569	905	591	913	712	716	30	926	226	639	644	261	557	784	368	679	291	537	601	679	814	767	118	519	669	468	970	774	873	699	366	449	538	495	348	789	3	511	955	163	522	219	272	565	283	509	887	970	851	992	697	1	986	541	132	608	902	115	388	276	409	222	357	357	870	57	449	13	16	322	19	73	198	659	575	69	684	160	770	457	195	628	193	720	519	591	836	906	454	382	969	815	601	70	652	184	304	107	635	150	571	426	216	251	616	917	438	140	843	762	753	722	914	318	729	0	685	739
619	519	941	36	124	66	289	169	805	11	393	489	445	16	689	309	356	217	313	787	3	335	333	350	950	944	993	846	612	707	27	18	281	198	617	608	755	809	388	900	981	333	396	125	494	859	143	6	503	644	883	173	942	883	384	559	433	251	785	608	373	399	182	878	769	106	685	340	25	675	458	515	950	582	2	826	398	346	297	778	547	2	421	937	32	124	69	100	80	878	624	550	163	755	316	705	438	8	596	743	2	96	130	607	434	915	400	614	556	162	64	973	389	640	127	344	21	126	823	560	563	988	469	923	898	560	0	883
111	915	948	707	395	691	262	898	670	249	900	141	135	646	145	28	633	588	894	130	832	357	67	448	285	736	679	405	808	194	330	546	506	751	595	151	330	649	219	240	60	224	23	956	5	277	749	270	727	446	618	900	629	382	732	456	756	637	450	719	915	127	963	927	200	411	785	264	107	807	755	24	541	970	485	549	579	943	674	702	875	24	774	847	866	395	453	138	15	580	805	659	940	901	572	607	743	762	578	164	142	520	802	760	901	380	128	440	391	642	280	140	801	461	81	18	275	400	334	261	356	36	182	20	998	80	437	0